-0.40000E+04  -0.40000E+04   0.00000E+00
-0.15000E+04  -0.40000E+04   0.00000E+00
-0.90000E+03  -0.40000E+04   0.00000E+00
-0.70000E+03  -0.40000E+04   0.00000E+00
-0.50000E+03  -0.40000E+04   0.00000E+00
-0.40000E+03  -0.40000E+04   0.00000E+00
-0.27000E+03  -0.40000E+04   0.00000E+00
-0.18000E+03  -0.40000E+04   0.00000E+00
-0.90000E+02  -0.40000E+04   0.00000E+00
-0.25000E+02  -0.40000E+04   0.00000E+00
 0.25000E+02  -0.40000E+04   0.00000E+00
 0.90000E+02  -0.40000E+04   0.00000E+00
 0.18000E+03  -0.40000E+04   0.00000E+00
 0.27000E+03  -0.40000E+04   0.00000E+00
 0.40000E+03  -0.40000E+04   0.00000E+00
 0.50000E+03  -0.40000E+04   0.00000E+00
 0.70000E+03  -0.40000E+04   0.00000E+00
 0.90000E+03  -0.40000E+04   0.00000E+00
 0.15000E+04  -0.40000E+04   0.00000E+00
 0.40000E+04  -0.40000E+04   0.00000E+00
-0.40000E+04  -0.15000E+04   0.00000E+00
-0.15000E+04  -0.15000E+04  -0.16632E-05
-0.90000E+03  -0.15000E+04   0.18367E-05
-0.70000E+03  -0.15000E+04  -0.10267E-05
-0.50000E+03  -0.15000E+04  -0.21620E-05
-0.40000E+03  -0.15000E+04   0.24374E-06
-0.27000E+03  -0.15000E+04   0.29559E-05
-0.18000E+03  -0.15000E+04   0.15213E-05
-0.90000E+02  -0.15000E+04  -0.29068E-05
-0.25000E+02  -0.15000E+04  -0.34677E-05
 0.25000E+02  -0.15000E+04  -0.76413E-06
 0.90000E+02  -0.15000E+04   0.77525E-07
 0.18000E+03  -0.15000E+04   0.10005E-07
 0.27000E+03  -0.15000E+04  -0.48488E-08
 0.40000E+03  -0.15000E+04   0.13298E-08
 0.50000E+03  -0.15000E+04  -0.18873E-09
 0.70000E+03  -0.15000E+04  -0.49843E-10
 0.90000E+03  -0.15000E+04  -0.35042E-10
 0.15000E+04  -0.15000E+04  -0.97612E-11
 0.40000E+04  -0.15000E+04   0.00000E+00
-0.40000E+04  -0.90000E+03   0.00000E+00
-0.15000E+04  -0.90000E+03   0.19168E-04
-0.90000E+03  -0.90000E+03  -0.19108E-04
-0.70000E+03  -0.90000E+03   0.10922E-04
-0.50000E+03  -0.90000E+03   0.22458E-04
-0.40000E+03  -0.90000E+03  -0.27785E-05
-0.27000E+03  -0.90000E+03  -0.30763E-04
-0.18000E+03  -0.90000E+03  -0.15614E-04
-0.90000E+02  -0.90000E+03   0.30255E-04
-0.25000E+02  -0.90000E+03   0.35935E-04
 0.25000E+02  -0.90000E+03   0.79277E-05
 0.90000E+02  -0.90000E+03  -0.79786E-06
 0.18000E+03  -0.90000E+03  -0.10525E-06
 0.27000E+03  -0.90000E+03   0.50896E-07
 0.40000E+03  -0.90000E+03  -0.13183E-07
 0.50000E+03  -0.90000E+03   0.13405E-08
 0.70000E+03  -0.90000E+03  -0.43774E-09
 0.90000E+03  -0.90000E+03  -0.14797E-09
 0.15000E+04  -0.90000E+03  -0.49467E-10
 0.40000E+04  -0.90000E+03   0.00000E+00
-0.40000E+04  -0.70000E+03   0.00000E+00
-0.15000E+04  -0.70000E+03   0.58829E-03
-0.90000E+03  -0.70000E+03   0.28386E-03
-0.70000E+03  -0.70000E+03  -0.10453E-03
-0.50000E+03  -0.70000E+03  -0.18060E-03
-0.40000E+03  -0.70000E+03   0.42995E-04
-0.27000E+03  -0.70000E+03   0.25371E-03
-0.18000E+03  -0.70000E+03   0.11144E-03
-0.90000E+02  -0.70000E+03  -0.24998E-03
-0.25000E+02  -0.70000E+03  -0.28457E-03
 0.25000E+02  -0.70000E+03  -0.63504E-04
 0.90000E+02  -0.70000E+03   0.58630E-05
 0.18000E+03  -0.70000E+03   0.95203E-06
 0.27000E+03  -0.70000E+03  -0.40587E-06
 0.40000E+03  -0.70000E+03   0.10078E-06
 0.50000E+03  -0.70000E+03  -0.10196E-07
 0.70000E+03  -0.70000E+03   0.72400E-09
 0.90000E+03  -0.70000E+03  -0.49001E-09
 0.15000E+04  -0.70000E+03  -0.14941E-09
 0.40000E+04  -0.70000E+03   0.00000E+00
-0.40000E+04  -0.50000E+03   0.00000E+00
-0.15000E+04  -0.50000E+03   0.25938E-01
-0.90000E+03  -0.50000E+03   0.24788E-02
-0.70000E+03  -0.50000E+03   0.66924E-03
-0.50000E+03  -0.50000E+03   0.73794E-03
-0.40000E+03  -0.50000E+03  -0.29559E-03
-0.27000E+03  -0.50000E+03  -0.10710E-02
-0.18000E+03  -0.50000E+03  -0.37703E-03
-0.90000E+02  -0.50000E+03   0.10592E-02
-0.25000E+02  -0.50000E+03   0.11408E-02
 0.25000E+02  -0.50000E+03   0.25841E-03
 0.90000E+02  -0.50000E+03  -0.21011E-04
 0.18000E+03  -0.50000E+03  -0.44583E-05
 0.27000E+03  -0.50000E+03   0.16274E-05
 0.40000E+03  -0.50000E+03  -0.37602E-06
 0.50000E+03  -0.50000E+03   0.33235E-07
 0.70000E+03  -0.50000E+03  -0.33209E-08
 0.90000E+03  -0.50000E+03  -0.48984E-09
 0.15000E+04  -0.50000E+03  -0.20798E-09
 0.40000E+04  -0.50000E+03   0.00000E+00
-0.40000E+04  -0.40000E+03   0.00000E+00
-0.15000E+04  -0.40000E+03   0.96011E-01
-0.90000E+03  -0.40000E+03   0.99061E-02
-0.70000E+03  -0.40000E+03  -0.10762E-01
-0.50000E+03  -0.40000E+03  -0.40739E-02
-0.40000E+03  -0.40000E+03   0.57291E-02
-0.27000E+03  -0.40000E+03   0.75912E-02
-0.18000E+03  -0.40000E+03   0.17928E-03
-0.90000E+02  -0.40000E+03  -0.79270E-02
-0.25000E+02  -0.40000E+03  -0.69867E-02
 0.25000E+02  -0.40000E+03  -0.16632E-02
 0.90000E+02  -0.40000E+03   0.65757E-04
 0.18000E+03  -0.40000E+03   0.39453E-04
 0.27000E+03  -0.40000E+03  -0.91989E-05
 0.40000E+03  -0.40000E+03   0.15013E-05
 0.50000E+03  -0.40000E+03  -0.69375E-07
 0.70000E+03  -0.40000E+03  -0.10372E-07
 0.90000E+03  -0.40000E+03   0.24207E-08
 0.15000E+04  -0.40000E+03  -0.57127E-09
 0.40000E+04  -0.40000E+03   0.00000E+00
-0.40000E+04  -0.27000E+03   0.00000E+00
-0.15000E+04  -0.27000E+03   0.39838E+00
-0.90000E+03  -0.27000E+03   0.26712E+00
-0.70000E+03  -0.27000E+03   0.11723E+00
-0.50000E+03  -0.27000E+03   0.19209E-01
-0.40000E+03  -0.27000E+03  -0.34865E-01
-0.27000E+03  -0.27000E+03  -0.30262E-01
-0.18000E+03  -0.27000E+03   0.71314E-02
-0.90000E+02  -0.27000E+03   0.33903E-01
-0.25000E+02  -0.27000E+03   0.25756E-01
 0.25000E+02  -0.27000E+03   0.63572E-02
 0.90000E+02  -0.27000E+03  -0.39314E-04
 0.18000E+03  -0.27000E+03  -0.17568E-03
 0.27000E+03  -0.27000E+03   0.29636E-04
 0.40000E+03  -0.27000E+03  -0.30671E-05
 0.50000E+03  -0.27000E+03  -0.10754E-06
 0.70000E+03  -0.27000E+03   0.10012E-06
 0.90000E+03  -0.27000E+03  -0.17033E-07
 0.15000E+04  -0.27000E+03   0.15024E-08
 0.40000E+04  -0.27000E+03   0.00000E+00
-0.40000E+04  -0.18000E+03   0.00000E+00
-0.15000E+04  -0.18000E+03   0.82320E+00
-0.90000E+03  -0.18000E+03   0.10251E+01
-0.70000E+03  -0.18000E+03   0.93805E+00
-0.50000E+03  -0.18000E+03   0.73233E+00
-0.40000E+03  -0.18000E+03   0.43642E+00
-0.27000E+03  -0.18000E+03   0.11283E+00
-0.18000E+03  -0.18000E+03  -0.17785E+00
-0.90000E+02  -0.18000E+03  -0.23462E+00
-0.25000E+02  -0.18000E+03  -0.12972E+00
 0.25000E+02  -0.18000E+03  -0.33994E-01
 0.90000E+02  -0.18000E+03  -0.24045E-02
 0.18000E+03  -0.18000E+03   0.96588E-03
 0.27000E+03  -0.18000E+03  -0.63590E-04
 0.40000E+03  -0.18000E+03  -0.49840E-05
 0.50000E+03  -0.18000E+03   0.25723E-05
 0.70000E+03  -0.18000E+03  -0.79314E-06
 0.90000E+03  -0.18000E+03   0.10645E-06
 0.15000E+04  -0.18000E+03  -0.10421E-07
 0.40000E+04  -0.18000E+03   0.00000E+00
-0.40000E+04  -0.90000E+02   0.00000E+00
-0.15000E+04  -0.90000E+02   0.12959E+01
-0.90000E+03  -0.90000E+02   0.22706E+01
-0.70000E+03  -0.90000E+02   0.28433E+01
-0.50000E+03  -0.90000E+02   0.32705E+01
-0.40000E+03  -0.90000E+02   0.34852E+01
-0.27000E+03  -0.90000E+02   0.34258E+01
-0.18000E+03  -0.90000E+02   0.28241E+01
-0.90000E+02  -0.90000E+02   0.16398E+01
-0.25000E+02  -0.90000E+02   0.57186E+00
 0.25000E+02  -0.90000E+02   0.15778E+00
 0.90000E+02  -0.90000E+02   0.31233E-01
 0.18000E+03  -0.90000E+02  -0.15019E-02
 0.27000E+03  -0.90000E+02  -0.15974E-03
 0.40000E+03  -0.90000E+02   0.81518E-04
 0.50000E+03  -0.90000E+02  -0.14975E-04
 0.70000E+03  -0.90000E+02   0.36383E-05
 0.90000E+03  -0.90000E+02  -0.45103E-06
 0.15000E+04  -0.90000E+02   0.43251E-07
 0.40000E+04  -0.90000E+02   0.00000E+00
-0.40000E+04  -0.25000E+02   0.00000E+00
-0.15000E+04  -0.25000E+02   0.14944E+01
-0.90000E+03  -0.25000E+02   0.29066E+01
-0.70000E+03  -0.25000E+02   0.39912E+01
-0.50000E+03  -0.25000E+02   0.51528E+01
-0.40000E+03  -0.25000E+02   0.63542E+01
-0.27000E+03  -0.25000E+02   0.78121E+01
-0.18000E+03  -0.25000E+02   0.94663E+01
-0.90000E+02  -0.25000E+02   0.97229E+01
-0.25000E+02  -0.25000E+02   0.58369E+01
 0.25000E+02  -0.25000E+02   0.14546E+01
 0.90000E+02  -0.25000E+02   0.40840E-01
 0.18000E+03  -0.25000E+02  -0.13027E-01
 0.27000E+03  -0.25000E+02   0.21891E-02
 0.40000E+03  -0.25000E+02  -0.48045E-03
 0.50000E+03  -0.25000E+02   0.66972E-04
 0.70000E+03  -0.25000E+02  -0.14496E-04
 0.90000E+03  -0.25000E+02   0.17014E-05
 0.15000E+04  -0.25000E+02  -0.15752E-06
 0.40000E+04  -0.25000E+02   0.00000E+00
-0.40000E+04   0.25000E+02   0.00000E+00
-0.15000E+04   0.25000E+02   0.14944E+01
-0.90000E+03   0.25000E+02   0.29066E+01
-0.70000E+03   0.25000E+02   0.39912E+01
-0.50000E+03   0.25000E+02   0.51528E+01
-0.40000E+03   0.25000E+02   0.63542E+01
-0.27000E+03   0.25000E+02   0.78121E+01
-0.18000E+03   0.25000E+02   0.94663E+01
-0.90000E+02   0.25000E+02   0.97229E+01
-0.25000E+02   0.25000E+02   0.58369E+01
 0.25000E+02   0.25000E+02   0.14546E+01
 0.90000E+02   0.25000E+02   0.40840E-01
 0.18000E+03   0.25000E+02  -0.13027E-01
 0.27000E+03   0.25000E+02   0.21891E-02
 0.40000E+03   0.25000E+02  -0.48045E-03
 0.50000E+03   0.25000E+02   0.66972E-04
 0.70000E+03   0.25000E+02  -0.14496E-04
 0.90000E+03   0.25000E+02   0.17014E-05
 0.15000E+04   0.25000E+02  -0.15752E-06
 0.40000E+04   0.25000E+02   0.00000E+00
-0.40000E+04   0.90000E+02   0.00000E+00
-0.15000E+04   0.90000E+02   0.12959E+01
-0.90000E+03   0.90000E+02   0.22706E+01
-0.70000E+03   0.90000E+02   0.28433E+01
-0.50000E+03   0.90000E+02   0.32705E+01
-0.40000E+03   0.90000E+02   0.34852E+01
-0.27000E+03   0.90000E+02   0.34258E+01
-0.18000E+03   0.90000E+02   0.28241E+01
-0.90000E+02   0.90000E+02   0.16398E+01
-0.25000E+02   0.90000E+02   0.57186E+00
 0.25000E+02   0.90000E+02   0.15778E+00
 0.90000E+02   0.90000E+02   0.31233E-01
 0.18000E+03   0.90000E+02  -0.15019E-02
 0.27000E+03   0.90000E+02  -0.15974E-03
 0.40000E+03   0.90000E+02   0.81518E-04
 0.50000E+03   0.90000E+02  -0.14975E-04
 0.70000E+03   0.90000E+02   0.36383E-05
 0.90000E+03   0.90000E+02  -0.45103E-06
 0.15000E+04   0.90000E+02   0.43251E-07
 0.40000E+04   0.90000E+02   0.00000E+00
-0.40000E+04   0.18000E+03   0.00000E+00
-0.15000E+04   0.18000E+03   0.82320E+00
-0.90000E+03   0.18000E+03   0.10251E+01
-0.70000E+03   0.18000E+03   0.93805E+00
-0.50000E+03   0.18000E+03   0.73233E+00
-0.40000E+03   0.18000E+03   0.43642E+00
-0.27000E+03   0.18000E+03   0.11283E+00
-0.18000E+03   0.18000E+03  -0.17785E+00
-0.90000E+02   0.18000E+03  -0.23462E+00
-0.25000E+02   0.18000E+03  -0.12972E+00
 0.25000E+02   0.18000E+03  -0.33994E-01
 0.90000E+02   0.18000E+03  -0.24045E-02
 0.18000E+03   0.18000E+03   0.96588E-03
 0.27000E+03   0.18000E+03  -0.63590E-04
 0.40000E+03   0.18000E+03  -0.49840E-05
 0.50000E+03   0.18000E+03   0.25723E-05
 0.70000E+03   0.18000E+03  -0.79314E-06
 0.90000E+03   0.18000E+03   0.10645E-06
 0.15000E+04   0.18000E+03  -0.10421E-07
 0.40000E+04   0.18000E+03   0.00000E+00
-0.40000E+04   0.27000E+03   0.00000E+00
-0.15000E+04   0.27000E+03   0.39838E+00
-0.90000E+03   0.27000E+03   0.26712E+00
-0.70000E+03   0.27000E+03   0.11723E+00
-0.50000E+03   0.27000E+03   0.19209E-01
-0.40000E+03   0.27000E+03  -0.34865E-01
-0.27000E+03   0.27000E+03  -0.30262E-01
-0.18000E+03   0.27000E+03   0.71314E-02
-0.90000E+02   0.27000E+03   0.33903E-01
-0.25000E+02   0.27000E+03   0.25756E-01
 0.25000E+02   0.27000E+03   0.63572E-02
 0.90000E+02   0.27000E+03  -0.39314E-04
 0.18000E+03   0.27000E+03  -0.17568E-03
 0.27000E+03   0.27000E+03   0.29636E-04
 0.40000E+03   0.27000E+03  -0.30671E-05
 0.50000E+03   0.27000E+03  -0.10754E-06
 0.70000E+03   0.27000E+03   0.10012E-06
 0.90000E+03   0.27000E+03  -0.17033E-07
 0.15000E+04   0.27000E+03   0.15024E-08
 0.40000E+04   0.27000E+03   0.00000E+00
-0.40000E+04   0.40000E+03   0.00000E+00
-0.15000E+04   0.40000E+03   0.96011E-01
-0.90000E+03   0.40000E+03   0.99061E-02
-0.70000E+03   0.40000E+03  -0.10762E-01
-0.50000E+03   0.40000E+03  -0.40739E-02
-0.40000E+03   0.40000E+03   0.57291E-02
-0.27000E+03   0.40000E+03   0.75912E-02
-0.18000E+03   0.40000E+03   0.17928E-03
-0.90000E+02   0.40000E+03  -0.79270E-02
-0.25000E+02   0.40000E+03  -0.69867E-02
 0.25000E+02   0.40000E+03  -0.16632E-02
 0.90000E+02   0.40000E+03   0.65757E-04
 0.18000E+03   0.40000E+03   0.39453E-04
 0.27000E+03   0.40000E+03  -0.91989E-05
 0.40000E+03   0.40000E+03   0.15013E-05
 0.50000E+03   0.40000E+03  -0.69375E-07
 0.70000E+03   0.40000E+03  -0.10372E-07
 0.90000E+03   0.40000E+03   0.24207E-08
 0.15000E+04   0.40000E+03  -0.57127E-09
 0.40000E+04   0.40000E+03   0.00000E+00
-0.40000E+04   0.50000E+03   0.00000E+00
-0.15000E+04   0.50000E+03   0.25938E-01
-0.90000E+03   0.50000E+03   0.24788E-02
-0.70000E+03   0.50000E+03   0.66924E-03
-0.50000E+03   0.50000E+03   0.73794E-03
-0.40000E+03   0.50000E+03  -0.29559E-03
-0.27000E+03   0.50000E+03  -0.10710E-02
-0.18000E+03   0.50000E+03  -0.37703E-03
-0.90000E+02   0.50000E+03   0.10592E-02
-0.25000E+02   0.50000E+03   0.11408E-02
 0.25000E+02   0.50000E+03   0.25841E-03
 0.90000E+02   0.50000E+03  -0.21011E-04
 0.18000E+03   0.50000E+03  -0.44583E-05
 0.27000E+03   0.50000E+03   0.16274E-05
 0.40000E+03   0.50000E+03  -0.37602E-06
 0.50000E+03   0.50000E+03   0.33235E-07
 0.70000E+03   0.50000E+03  -0.33209E-08
 0.90000E+03   0.50000E+03  -0.48984E-09
 0.15000E+04   0.50000E+03  -0.20798E-09
 0.40000E+04   0.50000E+03   0.00000E+00
-0.40000E+04   0.70000E+03   0.00000E+00
-0.15000E+04   0.70000E+03   0.58829E-03
-0.90000E+03   0.70000E+03   0.28386E-03
-0.70000E+03   0.70000E+03  -0.10453E-03
-0.50000E+03   0.70000E+03  -0.18060E-03
-0.40000E+03   0.70000E+03   0.42995E-04
-0.27000E+03   0.70000E+03   0.25371E-03
-0.18000E+03   0.70000E+03   0.11144E-03
-0.90000E+02   0.70000E+03  -0.24998E-03
-0.25000E+02   0.70000E+03  -0.28457E-03
 0.25000E+02   0.70000E+03  -0.63504E-04
 0.90000E+02   0.70000E+03   0.58630E-05
 0.18000E+03   0.70000E+03   0.95203E-06
 0.27000E+03   0.70000E+03  -0.40587E-06
 0.40000E+03   0.70000E+03   0.10078E-06
 0.50000E+03   0.70000E+03  -0.10196E-07
 0.70000E+03   0.70000E+03   0.72400E-09
 0.90000E+03   0.70000E+03  -0.49001E-09
 0.15000E+04   0.70000E+03  -0.14941E-09
 0.40000E+04   0.70000E+03   0.00000E+00
-0.40000E+04   0.90000E+03   0.00000E+00
-0.15000E+04   0.90000E+03   0.19168E-04
-0.90000E+03   0.90000E+03  -0.19108E-04
-0.70000E+03   0.90000E+03   0.10922E-04
-0.50000E+03   0.90000E+03   0.22458E-04
-0.40000E+03   0.90000E+03  -0.27785E-05
-0.27000E+03   0.90000E+03  -0.30763E-04
-0.18000E+03   0.90000E+03  -0.15614E-04
-0.90000E+02   0.90000E+03   0.30255E-04
-0.25000E+02   0.90000E+03   0.35935E-04
 0.25000E+02   0.90000E+03   0.79277E-05
 0.90000E+02   0.90000E+03  -0.79786E-06
 0.18000E+03   0.90000E+03  -0.10525E-06
 0.27000E+03   0.90000E+03   0.50896E-07
 0.40000E+03   0.90000E+03  -0.13183E-07
 0.50000E+03   0.90000E+03   0.13405E-08
 0.70000E+03   0.90000E+03  -0.43774E-09
 0.90000E+03   0.90000E+03  -0.14797E-09
 0.15000E+04   0.90000E+03  -0.49467E-10
 0.40000E+04   0.90000E+03   0.00000E+00
-0.40000E+04   0.15000E+04   0.00000E+00
-0.15000E+04   0.15000E+04  -0.16632E-05
-0.90000E+03   0.15000E+04   0.18367E-05
-0.70000E+03   0.15000E+04  -0.10267E-05
-0.50000E+03   0.15000E+04  -0.21620E-05
-0.40000E+03   0.15000E+04   0.24374E-06
-0.27000E+03   0.15000E+04   0.29559E-05
-0.18000E+03   0.15000E+04   0.15213E-05
-0.90000E+02   0.15000E+04  -0.29068E-05
-0.25000E+02   0.15000E+04  -0.34677E-05
 0.25000E+02   0.15000E+04  -0.76413E-06
 0.90000E+02   0.15000E+04   0.77525E-07
 0.18000E+03   0.15000E+04   0.10005E-07
 0.27000E+03   0.15000E+04  -0.48488E-08
 0.40000E+03   0.15000E+04   0.13298E-08
 0.50000E+03   0.15000E+04  -0.18873E-09
 0.70000E+03   0.15000E+04  -0.49843E-10
 0.90000E+03   0.15000E+04  -0.35042E-10
 0.15000E+04   0.15000E+04  -0.97612E-11
 0.40000E+04   0.15000E+04   0.00000E+00
-0.40000E+04   0.40000E+04   0.00000E+00
-0.15000E+04   0.40000E+04   0.00000E+00
-0.90000E+03   0.40000E+04   0.00000E+00
-0.70000E+03   0.40000E+04   0.00000E+00
-0.50000E+03   0.40000E+04   0.00000E+00
-0.40000E+03   0.40000E+04   0.00000E+00
-0.27000E+03   0.40000E+04   0.00000E+00
-0.18000E+03   0.40000E+04   0.00000E+00
-0.90000E+02   0.40000E+04   0.00000E+00
-0.25000E+02   0.40000E+04   0.00000E+00
 0.25000E+02   0.40000E+04   0.00000E+00
 0.90000E+02   0.40000E+04   0.00000E+00
 0.18000E+03   0.40000E+04   0.00000E+00
 0.27000E+03   0.40000E+04   0.00000E+00
 0.40000E+03   0.40000E+04   0.00000E+00
 0.50000E+03   0.40000E+04   0.00000E+00
 0.70000E+03   0.40000E+04   0.00000E+00
 0.90000E+03   0.40000E+04   0.00000E+00
 0.15000E+04   0.40000E+04   0.00000E+00
 0.40000E+04   0.40000E+04   0.00000E+00
